AEALAOAU    031029E00AE PRVAE/E02    870   946  1002  1105  1131  1017  1010  1027  1039  1087  1194  1105   942   917   925   971  1045  1107  1075   949   983   991  1077  1117  1069  1060  1063  1091  1082  1107  1066  1089   998   958   910   923  1015  1038  1032  1013   910   921   947   970   909   920   954   926   867   837   855   862   901   980   980   935   918   882   861   864   989
AEALAOAU    031029E01AE PRVAE/E02    845   846   811   751   694   653   633   627   608   579   582   591   580   581   549   517   495   554   496   530   613   609   529   583   630   639   604   566   556   536   515   425   452   535   530   518   489   522   532   539   577   652   676   661   665   660   676   638   581   595   619   618   571   508   498   503   521   543   565   568   589
AEALAOAU    031029E02AE PRVAE/E02    561   559   558   555   534   502   471   455   450   455   425   387   378   386   379   356   389   375   366   396   403   358   302   281   286   311   342   341   340   346   375   365   355   364   373   430   398   412   452   477   504   478   506   509   461   462   479   502   534   559   535   438   397   400   396   412   396   389   392   406   423
AEALAOAU    031029E03AE PRVAE/E02    333   425   456   350   349   374   350   350   330   354   368   369   377   393   434   459   467   475   471   478   482   447   450   458   475   476   470   476   484   465   479   486   499   522   471   494   522   516   514   515   511   481   447   451   455   465   494   480   475   484   484   497   482   451   425   402   419   426   434   444   448
AEALAOAU    031029E04AE PRVAE/E02    446   447   450   410   389   370   340   344   337   337   315   319   303   302   302   269   244   229   253   261   249   271   355   387   386   367   358   325   316   316   309   271   255   252   261   243   232   243   249   247   238   270   286   422   447   534   546   583   632   579   549   506   495   461   450   514   521   540   546   538   370
AEALAOAU    031029E05AE PRVAE/E02    504   548   507   537   574   555   466   434   441   424   409   405   416   386   423   458   467   455   378   377   389   396   392   391   377   358   407   418   413   437   454   431   421   455   421   407   399   436   435   432   459   484   508   508   482   483   528   559   577   552   563   591   636   604   527   514   582   600   614   595   473
AEALAOAU    031029E06AE PRVAE/E02    621   646   705   735   751   667   685   732   797   926   956   932  1950  2422  2934  3625  4056  3698  3422  2744  2682  2460  2402  2252  1886  1852  1878  1720  1812  1898  2206  2238  2290  2190  2206  2096  2039  2038  2009  2227  2279  2277  1875  1907  2129  1731  1233  1583  2726  3367  2835  2718  2270  2451  2722  2659  2673  2464  2566  2345  2053
AEALAOAU    031029E07AE PRVAE/E02   2397  2269  2279  2012  1598  1427  1316  1357  1428  1605  1549  1425  1482  1397  1452  1444  1649  1847  1755  1708  1606  1552  1422  1390  1368  1407  1314  1247  1223  1138  1112  1105  1022  1009  1039  1042   976   949   986  1039  1074  1206  1447  1614  1723  1744  1686  1702  1585  1538  1480  1168  1196  1070  1018  1065  1085  1097   999   872  1395
AEALAOAU    031029E08AE PRVAE/E02    702   584   475   555   644   577   526   703   875   890  1065  1075  1201  1200  1230  1147  1187  1126  1150  1102  1118  1067  1074   923  1107  1164  1256  1264  1349  1202  1217  1242  1163  1281  1426  1527  1441  1308  1080   976  1114   949   947   984   928   886   886   832   963  1177  1212  1223  1149   745   871   815  1151  1169  1319  1477  1050
AEALAOAU    031029E09AE PRVAE/E02   1379  1361  1545  1363  1747  2107  2207  2069  1751  1311  1359  1513  1823  1987  2234  2168  2165  2273  2079  1651  1509  1470  1413  1443  1707  1731  1472  1293  1302  1134  1084  1054   950   789   944  1080  1196  1503  1534  1505  1405  1161  1047  1060  1021   964   941  1030   961   857   885  1022   973   831   828   869   795   651   699   746  1349
AEALAOAU    031029E10AE PRVAE/E02    857   941  1058  1068   948   769   625   552   648   619   585   608   585   588   587   579   588   576   586   606   773  1128  1231  1331  1377  1257   736   412   928   949  1089  1114  1115  1246  1227  1040   854   859   838   845   815   754   631   661   581   499   538   617   627   629   674   836   929   758   742   656   627   686   730   783   802
AEALAOAU    031029E11AE PRVAE/E02    832   862   809   716   705   752   708   657   652   572   535   562   680   636   521   549   574   558   553   543   561   450   546   594   585   778   836   832   673   722   796   704   601   563   550   449   471   541   962  1663  1762  1875  1733  1642  1583  1343  1341  1365  1160  1217  1454  1647  1545  1517  1448  1193   972  1006  1023  1271   916
AEALAOAU    031029E12AE PRVAE/E02   1083  1136  1430  1347  1260  1232  1150   951  1055  1124   980   905   831   917  1038   931   838   920  1015  1024  1021  1067  1178  1035   918   885   935   975   969  1059  1022   896  1047   774   699   741   802   658   512   512   756   752   571   599   731   650   560   571   634   679   748   666   656   693   701   705   881   933   993  1082   891
AEALAOAU    031029E13AE PRVAE/E02    926   816   899   909   955  1048  1000   854   850   818   845   775   715   961  1011   959   935  1045  1168  1194  1123  1168   912  1222  1240  1066   999  1140  1115   883   715   826   948   781   856  1049   790   711   720   721   945   803   738   808   752   787  1123   893   840   867   821  1019   892   922   945   683   837  1034  1101  1128   927
AEALAOAU    031029E14AE PRVAE/E02   1187  1026   956   952  1027   866   972   814   769   893   700   708   863   748   703   908   684   705   784   653   690   717   798   977  1074   910  1148   996   889   721   596   500   482   670   858   871   829   945   931   859   801   858   910   821   886   865   841   668   588  1016   986   806  1076  1147   927   718   440  1464   903   649   846
AEALAOAU    031029E15AE PRVAE/E02   1502  1373  1381  1544  1694  1234  1120  1081  1346  1440  1435  1619  1158  1176  1150  1095  1176  1350  1409  1288  1421  1316  1336  1447  1427  1208  1094  1515  1591  1596  1425  1399  1490  1558  1255  1449  1501  1660  1728  1479  1571  1598  1681  1533  1794  2159  1868  1863  1866  1801  1796  1861  1981  1865  1971  1976  1866  1998  1906  1936  1539
AEALAOAU    031029E16AE PRVAE/E02   1785  1607  1693  1529  1472  1387  1373  1477  1555  1696  1661  1704  1732  1753  1901  1926  1521  1270  1221  1255  1267  1299  1355  1278  1295  1401  1546  1733  1682  1880  1570  1446  1381  1218  1270  1062  1025   978   830   736   736   863  1050  1065  1118  1041  1000   981   979   837   529   705   882   647   848  1291  1342  1184  1228  1176  1288
AEALAOAU    031029E17AE PRVAE/E02   1238  1202   963  1146  1269  1293  1243  1349  1438  1466  1375  1503  1598  1537  1576  1455  1841  1634  1787  1446  1365  1468  1313  1132  1231  1279  1264  1191  1188  1065  1169  1235   924   943  1088  1177  1138  1077   985  1004  1020  1279  1242  1315  1199  1418  1329  1487  1184  1278  1323  1263  1200  1179  1038   924  1025  1132  1142  1134  1262
AEALAOAU    031029E18AE PRVAE/E02   1287  1436  1490  1458  1751  1714  1862  2013  1977  1837  1963  2137  1920  1633  1600  1342  1134  1060  1024  1069  1099   832   631   614   458   317   313   363   482   598   691   704   670   727   736   712   627   523   448   510   555   621   642   667   640   618   617   721   729   696   720   785   829   805   720   647   588   480   449   466   946
AEALAOAU    031029E19AE PRVAE/E02    506   595   572   590   584   523   425   444   544   568   593   639   609   619   722   834  1000  1119  1132  1050   955   834   726   736   719   752   865  1622  2879  2950  2695  2378  2166  2097  2214  2291  2337  2464  2492  2473  2357  2225  2165  2525  2690  2855  2698  2796  3034  3078  3163  3116  2946  3045  3396  3308  3406  3360  3208  3763  1824
AEALAOAU    031029E20AE PRVAE/E02   3560  3110  3415  3719  3454  3549  3583  3551  3540  3420  3371  3061  2702  2528  2452  2558  2603  2799  2793  2969  2987  3067  3298  3493  3380  3361  3227  3046  2631  1819  1326  1324  1323  1083  1058  1055   948   900   767   844   998  1081  1307  1409  1749  2027  1755  1726  1435  1649  1930  2075  1950  1644  1602  1455  1355  1286  1193  1188  2241
AEALAOAU    031029E21AE PRVAE/E02   1183  1132  1111  1135  1159  1086   955   857   791   744   801   748   761   755   824   873   776   752   705   665   655   770   762   788   884   805   824   844   800   790   799   755   731   698   677   650   598   752   991  1011  1327  1451  1475  1540  1640  1678  1666  1597  1474  1213  1002   956  1032  1153  1156   889   666   773   730   715   959
AEALAOAU    031029E22AE PRVAE/E02    664   650   639   654   656   652   602   755   976  1014   977  1154  1053   828   554   527   566   565   489   526   513   518   513   510   561   820   827   841   821  1256  1578  1548  1616  1775  1949  1918  1984  1944  2033  2232  2158  2341  2532  2605  2570  2408  2423  2304  2288  2030  2158  2156  2067  2034  1915  1881  1842  1812  1700  1622  1385
AEALAOAU    031029E23AE PRVAE/E02   1460  1355  1367  1417  1502  1380  1230  1181  1387  1471  1335  1298  1380  1418  1580  1652  1411  1696  1540  1166  1089  1124  1143  1225  1039  1051  1036  1000  1324  1442  1224  1278  1401  1509  1598  1668  1632  1652  1572  1341  1066   956   932   993  1045  1044  1013  1000  1005   973   859   796   817   822   885   892   836   765   736   730  1212
