[0.382 0.0 0.382
0.386 0.0 0.387
0.389 0.0 0.393
0.393 0.0 0.398
0.397 0.0 0.404
0.401 0.0 0.409
0.404 0.0 0.415
0.408 0.0 0.42
0.411 0.0 0.426
0.415 0.0 0.431
0.418 0.0 0.436
0.421 0.0 0.442
0.425 0.0 0.447
0.428 0.0 0.452
0.431 0.0 0.458
0.434 0.0 0.463
0.437 0.0 0.468
0.44 0.0 0.474
0.443 0.0 0.479
0.445 0.0 0.484
0.448 0.0 0.489
0.451 0.0 0.495
0.453 0.0 0.5
0.456 0.0 0.505
0.459 0.0 0.51
0.461 0.0 0.515
0.463 0.0 0.521
0.466 0.0 0.526
0.468 0.0 0.531
0.47 0.0 0.536
0.472 0.0 0.541
0.474 0.0 0.546
0.476 0.0 0.551
0.478 0.0 0.556
0.48 0.0 0.561
0.482 0.0 0.566
0.484 0.0 0.571
0.486 0.0 0.577
0.487 0.0 0.582
0.489 0.0 0.587
0.491 0.0 0.592
0.492 0.0 0.596
0.494 0.0 0.601
0.495 0.0 0.606
0.496 0.0 0.611
0.498 0.0 0.616
0.499 0.0 0.621
0.5 0.0 0.626
0.501 0.0 0.631
0.502 0.0 0.636
0.503 0.0 0.641
0.504 0.0 0.646
0.505 0.0 0.651
0.506 0.0 0.656
0.507 0.0 0.66
0.508 0.0 0.665
0.509 0.0 0.67
0.509 0.0 0.675
0.51 0.0 0.68
0.51 0.0 0.685
0.511 0.0 0.689
0.511 0.0 0.694
0.512 0.0 0.699
0.512 0.0 0.704
0.512 0.0 0.708
0.512 0.0 0.713
0.513 0.0 0.718
0.513 0.0 0.723
0.513 0.0 0.727
0.513 0.0 0.732
0.513 0.0 0.737
0.513 0.0 0.742
0.512 0.0 0.746
0.512 0.0 0.751
0.512 0.0 0.756
0.512 0.0 0.76
0.511 0.0 0.765
0.511 0.0 0.77
0.51 0.0 0.774
0.51 0.0 0.779
0.509 0.0 0.784
0.509 0.0 0.788
0.508 0.0 0.793
0.507 0.0 0.798
0.506 0.0 0.802
0.506 0.0 0.807
0.505 0.0 0.812
0.504 0.0 0.816
0.503 0.0 0.821
0.502 0.0 0.825
0.5 0.0 0.83
0.499 0.0 0.835
0.498 0.0 0.839
0.497 0.0 0.844
0.495 0.0 0.848
0.494 0.0 0.853
0.492 0.0 0.857
0.491 0.0 0.862
0.489 0.0 0.866
0.488 0.0 0.871
0.486 0.0 0.875
0.484 0.0 0.88
0.482 0.0 0.885
0.481 0.0 0.889
0.479 0.0 0.894
0.477 0.0 0.898
0.475 0.0 0.903
0.473 0.0 0.907
0.47 0.0 0.911
0.468 0.0 0.916
0.466 0.0 0.92
0.464 0.0 0.925
0.461 0.0 0.929
0.459 0.0 0.934
0.456 0.0 0.938
0.454 0.0 0.943
0.451 0.0 0.947
0.449 0.0 0.952
0.446 0.0 0.956
0.443 0.0 0.96
0.44 0.0 0.965
0.437 0.0 0.969
0.434 0.0 0.974
0.431 0.0 0.978
0.428 0.0 0.982
0.425 0.0 0.987
0.422 0.0 0.991
0.419 0.0 0.996
0.385 0.0 1.0
0.384 0.0 1.0
0.383 0.0 1.0
0.382 0.0 1.0
0.38 0.0 1.0
0.379 0.0 1.0
0.378 0.0 1.0
0.376 0.0 1.0
0.375 0.0 1.0
0.373 0.0 1.0
0.372 0.0 1.0
0.37 0.0 1.0
0.368 0.0 1.0
0.367 0.0 1.0
0.365 0.0 1.0
0.363 0.0 1.0
0.361 0.0 1.0
0.359 0.0 1.0
0.357 0.0 1.0
0.354 0.0 1.0
0.352 0.0 1.0
0.35 0.0 1.0
0.347 0.0 1.0
0.345 0.0 1.0
0.342 0.0 1.0
0.339 0.0 1.0
0.337 0.0 1.0
0.334 0.0 1.0
0.331 0.0 1.0
0.327 0.0 1.0
0.324 0.0 1.0
0.321 0.0 1.0
0.317 0.0 1.0
0.313 0.0 1.0
0.31 0.0 1.0
0.306 0.0 1.0
0.301 0.0 1.0
0.297 0.0 1.0
0.293 0.0 1.0
0.288 0.0 1.0
0.283 0.0 1.0
0.278 0.0 1.0
0.273 0.0 1.0
0.268 0.0 1.0
0.262 0.0 1.0
0.256 0.0 1.0
0.25 0.0 1.0
0.244 0.0 1.0
0.237 0.0 1.0
0.23 0.0 1.0
0.223 0.0 1.0
0.216 0.0 1.0
0.208 0.0 1.0
0.2 0.0 1.0
0.192 0.0 1.0
0.183 0.0 1.0
0.174 0.0 1.0
0.164 0.0 1.0
0.154 0.0 1.0
0.143 0.0 1.0
0.132 0.0 1.0
0.121 0.0 1.0
0.108 0.0 1.0
0.095 0.0 1.0
0.081 0.0 1.0
0.066 0.0 1.0
0.049 0.0 1.0
0.03 0.0 1.0
0.006 0.0 1.0
0.0 0.028 1.0
0.0 0.052 1.0
0.0 0.075 1.0
0.0 0.096 1.0
0.0 0.117 1.0
0.0 0.138 1.0
0.0 0.158 1.0
0.0 0.179 1.0
0.0 0.199 1.0
0.0 0.219 1.0
0.0 0.24 1.0
0.0 0.26 1.0
0.0 0.281 1.0
0.0 0.302 1.0
0.0 0.323 1.0
0.0 0.344 1.0
0.0 0.365 1.0
0.0 0.387 1.0
0.0 0.408 1.0
0.0 0.43 1.0
0.0 0.453 1.0
0.0 0.475 1.0
0.0 0.498 1.0
0.0 0.52 1.0
0.0 0.544 1.0
0.0 0.567 1.0
0.0 0.59 1.0
0.0 0.614 1.0
0.0 0.638 1.0
0.0 0.663 1.0
0.0 0.687 1.0
0.0 0.712 1.0
0.0 0.737 1.0
0.0 0.762 1.0
0.0 0.787 1.0
0.0 0.813 1.0
0.0 0.838 1.0
0.0 0.864 1.0
0.0 0.89 1.0
0.0 0.917 1.0
0.0 0.943 1.0
0.0 0.97 1.0
0.0 0.996 1.0
0.0 1.0 0.942
0.0 1.0 0.872
0.0 1.0 0.801
0.0 1.0 0.727
0.0 1.0 0.65
0.0 1.0 0.571
0.0 1.0 0.488
0.0 1.0 0.401
0.0 1.0 0.308
0.0 1.0 0.206
0.0 1.0 0.089
0.029 1.0 0.0
0.073 1.0 0.0
0.111 1.0 0.0
0.146 1.0 0.0
0.179 1.0 0.0
0.211 1.0 0.0
0.241 1.0 0.0
0.271 1.0 0.0
0.299 1.0 0.0
0.327 1.0 0.0
0.355 1.0 0.0
0.381 1.0 0.0
0.407 1.0 0.0
0.433 1.0 0.0
0.458 1.0 0.0
0.483 1.0 0.0
0.507 1.0 0.0
0.53 1.0 0.0
0.554 1.0 0.0
0.576 1.0 0.0
0.599 1.0 0.0
0.621 1.0 0.0
0.642 1.0 0.0
0.663 1.0 0.0
0.684 1.0 0.0
0.704 1.0 0.0
0.724 1.0 0.0
0.744 1.0 0.0
0.763 1.0 0.0
0.781 1.0 0.0
0.8 1.0 0.0
0.817 1.0 0.0
0.835 1.0 0.0
0.852 1.0 0.0
0.869 1.0 0.0
0.885 1.0 0.0
0.901 1.0 0.0
0.917 1.0 0.0
0.932 1.0 0.0
0.947 1.0 0.0
0.962 1.0 0.0
0.976 1.0 0.0
0.99 1.0 0.0
1.0 0.996 0.0
1.0 0.982 0.0
1.0 0.968 0.0
1.0 0.954 0.0
1.0 0.941 0.0
1.0 0.928 0.0
1.0 0.915 0.0
1.0 0.902 0.0
1.0 0.89 0.0
1.0 0.878 0.0
1.0 0.866 0.0
1.0 0.854 0.0
1.0 0.843 0.0
1.0 0.832 0.0
1.0 0.821 0.0
1.0 0.811 0.0
1.0 0.8 0.0
1.0 0.79 0.0
1.0 0.78 0.0
1.0 0.771 0.0
1.0 0.762 0.0
1.0 0.753 0.0
1.0 0.744 0.0
1.0 0.735 0.0
1.0 0.727 0.0
1.0 0.719 0.0
1.0 0.711 0.0
1.0 0.703 0.0
1.0 0.695 0.0
1.0 0.688 0.0
1.0 0.681 0.0
1.0 0.674 0.0
1.0 0.667 0.0
1.0 0.661 0.0
1.0 0.655 0.0
1.0 0.649 0.0
1.0 0.643 0.0
1.0 0.637 0.0
1.0 0.631 0.0
1.0 0.626 0.0
1.0 0.62 0.0
1.0 0.615 0.0
1.0 0.61 0.0
1.0 0.606 0.0
1.0 0.601 0.0
1.0 0.596 0.0
1.0 0.592 0.0
1.0 0.588 0.0
1.0 0.584 0.0
1.0 0.58 0.0
1.0 0.576 0.0
1.0 0.572 0.0
1.0 0.568 0.0
1.0 0.565 0.0
1.0 0.562 0.0
1.0 0.558 0.0
1.0 0.555 0.0
1.0 0.552 0.0
1.0 0.549 0.0
1.0 0.546 0.0
1.0 0.543 0.0
1.0 0.541 0.0
1.0 0.538 0.0
1.0 0.536 0.0
1.0 0.533 0.0
1.0 0.531 0.0
1.0 0.529 0.0
1.0 0.526 0.0
1.0 0.524 0.0
1.0 0.522 0.0
1.0 0.52 0.0
1.0 0.518 0.0
1.0 0.517 0.0
1.0 0.515 0.0
1.0 0.513 0.0
1.0 0.511 0.0
1.0 0.51 0.0
1.0 0.508 0.0
1.0 0.507 0.0
1.0 0.505 0.0
1.0 0.504 0.0
1.0 0.502 0.0
1.0 0.501 0.0
1.0 0.5 0.0
1.0 0.499 0.0
1.0 0.498 0.0
1.0 0.496 0.0
1.0 0.495 0.0
1.0 0.494 0.0
1.0 0.493 0.0
];